,Batch,Loss,RPN Classification Loss,RPN Regression Loss,RCNN Classification Loss,RCNN Regression Loss
0,0,5.253015041351318,0.34997835755348206,0.04507692903280258,4.304597854614258,0.5533619523048401
1,1,0.9966443181037903,0.3389389216899872,0.2924404442310333,0.021756410598754883,0.3435085415840149
2,2,5.58225154876709,0.33996909856796265,0.07576826214790344,4.308053493499756,0.8584607839584351
3,3,0.8295111656188965,0.33706802129745483,0.035166144371032715,0.021692495793104172,0.43558448553085327
4,4,5.20214319229126,0.3275606632232666,0.03103821538388729,4.329687118530273,0.5138575434684753
5,5,6.016515731811523,0.3330017030239105,0.021589284762740135,4.308505535125732,1.353419542312622
6,6,5.256770610809326,0.3433528244495392,0.03984295204281807,4.327620506286621,0.5459544062614441
7,7,5.563798427581787,0.3346991240978241,0.013297799974679947,4.310665607452393,0.9051360487937927
8,8,5.016379356384277,0.3254091143608093,0.036282941699028015,4.298132419586182,0.3565548062324524
9,9,5.360003471374512,0.32384365797042847,0.0404035747051239,4.296838283538818,0.6989181041717529
10,10,0.6820362210273743,0.35164788365364075,0.03259027749300003,0.021778620779514313,0.27601945400238037
11,11,0.9242051839828491,0.3389478325843811,0.034156836569309235,0.021735861897468567,0.5293646454811096
12,12,0.7167131900787354,0.31908145546913147,0.083096444606781,0.043614715337753296,0.2709205746650696
13,13,0.7332298159599304,0.32766515016555786,0.12212951481342316,0.021759022027254105,0.2616761326789856
14,14,5.154472351074219,0.33962494134902954,0.03902112692594528,4.298818588256836,0.47700798511505127
15,15,5.314582824707031,0.31418129801750183,0.023175161331892014,4.328872203826904,0.648354172706604
16,16,4.975347995758057,0.33237868547439575,0.034394703805446625,4.323626518249512,0.2849479019641876
17,17,5.0086259841918945,0.32926300168037415,0.015553027391433716,4.323386192321777,0.34042373299598694
18,18,5.646571636199951,0.33362868428230286,0.035830073058605194,4.308199882507324,0.9689129590988159
19,19,5.376951694488525,0.3337650001049042,0.017982253804802895,4.308740615844727,0.7164641618728638
20,20,5.62404727935791,0.3239382803440094,0.07492722570896149,4.318790912628174,0.9063904285430908
21,21,5.385769844055176,0.33825427293777466,0.021679742261767387,4.306567668914795,0.7192680835723877
22,22,5.3040666580200195,0.31836897134780884,0.0226772241294384,4.31047248840332,0.6525477766990662
23,23,0.8722109198570251,0.3269690275192261,0.18161343038082123,0.021820323541760445,0.34180814027786255
24,24,1.0066468715667725,0.3144730031490326,0.02575928345322609,0.02166070230305195,0.6447538137435913
25,25,5.040174961090088,0.3228665888309479,0.01845705509185791,4.316262245178223,0.3825887441635132
26,26,5.226961612701416,0.32116445899009705,0.029830969870090485,4.310896396636963,0.5650697946548462
27,27,5.007330417633057,0.32338228821754456,0.03564068675041199,4.303123950958252,0.3451833724975586
28,28,5.239269256591797,0.3306659460067749,0.02934824302792549,4.301868915557861,0.5773858428001404
29,29,0.7841892242431641,0.3146596848964691,0.026758592575788498,0.02170749381184578,0.42106348276138306
30,30,5.192400932312012,0.33764609694480896,0.04301959648728371,4.3035688400268555,0.5081662535667419
31,31,5.114326477050781,0.3310558795928955,0.032732315361499786,4.3096442222595215,0.44089409708976746
32,32,5.232639789581299,0.3278728723526001,0.023012002930045128,4.317801475524902,0.5639534592628479
33,33,5.251585006713867,0.3306674361228943,0.029575608670711517,4.316380023956299,0.5749623775482178
34,34,5.431269645690918,0.3221948742866516,0.07585909217596054,4.300331115722656,0.7328841686248779
35,35,5.4696245193481445,0.32360684871673584,0.01586846262216568,4.310660362243652,0.8194891214370728
36,36,5.411313533782959,0.3099547028541565,0.031233809888362885,4.311087608337402,0.7590373158454895
37,37,5.417816162109375,0.31516095995903015,0.011602828279137611,4.30850887298584,0.7825437784194946
38,38,5.260395050048828,0.3288407623767853,0.08967414498329163,4.315099716186523,0.5267804861068726
39,39,0.8711459040641785,0.3229095935821533,0.0868353396654129,0.02170858345925808,0.4396924078464508
40,40,1.1207739114761353,0.31188589334487915,0.08337156474590302,0.02164909988641739,0.7038673162460327
41,41,5.27228307723999,0.32313135266304016,0.03431510180234909,4.3165483474731445,0.5982878804206848
42,42,0.9044938087463379,0.3367915451526642,0.030799534171819687,0.021822206676006317,0.5150805115699768
43,43,5.830110549926758,0.3452495336532593,0.022958669811487198,4.325589179992676,1.1363129615783691
44,44,0.6750733852386475,0.33077386021614075,0.02244274690747261,0.021719131618738174,0.30013760924339294
45,45,5.0932297706604,0.3219204843044281,0.020765837281942368,4.305735111236572,0.4448086619377136
46,46,0.5602161884307861,0.3068750500679016,0.06513269245624542,0.021699853241443634,0.16650862991809845
47,47,5.199832916259766,0.33013632893562317,0.025588182732462883,4.324987888336182,0.5191207528114319
48,48,5.154413223266602,0.30941641330718994,0.02575763873755932,4.305276870727539,0.5139620900154114
49,49,1.1514086723327637,0.3318546712398529,0.04279104620218277,0.021728739142417908,0.7550342082977295
50,50,5.218478202819824,0.3230240046977997,0.031018363311886787,4.308236598968506,0.556199312210083
51,51,5.344259262084961,0.3137487769126892,0.02445710450410843,4.306794166564941,0.699259340763092
52,52,5.181351661682129,0.3211030066013336,0.019649943336844444,4.309103488922119,0.5314950942993164
53,53,5.220677852630615,0.30120906233787537,0.04868059605360031,4.305419445037842,0.5653685927391052
54,54,5.434284687042236,0.31304609775543213,0.027979642152786255,4.306093692779541,0.7871652841567993
55,55,1.1311752796173096,0.3059569299221039,0.06508109718561172,0.021758897230029106,0.7383784055709839
56,56,5.421401023864746,0.31481078267097473,0.029462939128279686,4.3170647621154785,0.7600624561309814
57,57,5.178304195404053,0.3172060549259186,0.019430039450526237,4.309999942779541,0.5316680669784546
58,58,0.9023064374923706,0.31466537714004517,0.06015682965517044,0.021759364753961563,0.5057249069213867
59,59,5.568192481994629,0.3222287893295288,0.01873457245528698,4.320651531219482,0.9065773487091064
60,60,0.6831167936325073,0.31717410683631897,0.052145637571811676,0.021733075380325317,0.29206395149230957
61,61,5.257604122161865,0.30567532777786255,0.024296991527080536,4.316174507141113,0.6114571690559387
62,62,5.139648914337158,0.32803210616111755,0.03126458078622818,4.319190979003906,0.4611610174179077
63,63,0.7356292605400085,0.31382471323013306,0.1681264340877533,0.021755654364824295,0.2319224625825882
64,64,0.7491439580917358,0.3120906352996826,0.06692191958427429,0.04334516078233719,0.3267862796783447
65,65,5.068437099456787,0.3126421868801117,0.0842273086309433,4.309988021850586,0.3615792989730835
66,66,5.050136566162109,0.31218087673187256,0.02448674663901329,4.3004279136657715,0.4130411148071289
67,67,0.7031406164169312,0.34081488847732544,0.030006691813468933,0.0218319334089756,0.31048712134361267
68,68,1.0874214172363281,0.3334077298641205,0.03498739376664162,0.043384961783885956,0.6756413578987122
69,69,0.9664311408996582,0.3074502646923065,0.09173855185508728,0.021831423044204712,0.5454108715057373
70,70,1.4085761308670044,0.32280033826828003,0.027036257088184357,0.021847592666745186,1.0368919372558594
71,71,0.9420700073242188,0.3331804573535919,0.0258464552462101,0.04339276999235153,0.5396503210067749
72,72,5.474185943603516,0.2949192523956299,0.052075956016778946,4.309935092926025,0.8172556161880493
73,73,5.068202495574951,0.2996886670589447,0.019574947655200958,4.29707145690918,0.4518677890300751
74,74,5.36803674697876,0.3075203597545624,0.03469337522983551,4.320319175720215,0.7055038213729858
75,75,1.257004737854004,0.2941536009311676,0.10376591235399246,0.021763162687420845,0.8373221158981323
76,76,5.018630027770996,0.2866031229496002,0.08411438018083572,4.315772533416748,0.3321399986743927
77,77,5.001844882965088,0.31170302629470825,0.015966786071658134,4.295993804931641,0.3781813383102417
78,78,0.6256228685379028,0.29531633853912354,0.11124597489833832,0.021708646789193153,0.19735190272331238
79,79,0.7008090019226074,0.31858527660369873,0.17085982859134674,0.021776553243398666,0.1895873248577118
80,80,5.015224933624268,0.30950918793678284,0.020981688052415848,4.304896831512451,0.37983718514442444
81,81,5.345742225646973,0.32601961493492126,0.027608565986156464,4.311827182769775,0.6802869439125061
82,82,5.259877681732178,0.3094945549964905,0.022530362010002136,4.307229995727539,0.6206226944923401
83,83,0.5968184471130371,0.30695652961730957,0.024363238364458084,0.021769333630800247,0.24372932314872742
84,84,5.235136032104492,0.31747710704803467,0.029810883104801178,4.306766033172607,0.5810819864273071
85,85,0.8733915090560913,0.2975273132324219,0.07494525611400604,0.021759454160928726,0.47915950417518616
86,86,5.2784552574157715,0.305944561958313,0.02150382474064827,4.317866802215576,0.6331402063369751
87,87,5.380161285400391,0.3129637539386749,0.044065672904253006,4.333225250244141,0.6899067759513855
88,88,4.917572498321533,0.3231188952922821,0.03850872814655304,4.3170695304870605,0.23887543380260468
89,89,5.497238636016846,0.3201177418231964,0.0590730644762516,4.303215503692627,0.8148321509361267
90,90,0.6352214813232422,0.33291417360305786,0.037832461297512054,0.021760791540145874,0.2427140474319458
91,91,5.14724588394165,0.300762414932251,0.061206668615341187,4.312112808227539,0.473163902759552
92,92,5.533138275146484,0.29468876123428345,0.05203425884246826,4.315925598144531,0.8704898357391357
93,93,5.251468181610107,0.30108821392059326,0.035555239766836166,4.32038688659668,0.5944382548332214
94,94,0.6376159191131592,0.28709539771080017,0.1376115381717682,0.02171347662806511,0.191195547580719
95,95,5.351652145385742,0.3319476246833801,0.027746396139264107,4.321976661682129,0.6699815392494202
96,96,5.895749092102051,0.30263185501098633,0.025364799425005913,4.316993236541748,1.2507591247558594
97,97,5.162059307098389,0.2964659035205841,0.062200263142585754,4.30482816696167,0.49856507778167725
98,98,5.437931060791016,0.2995653748512268,0.02651691995561123,4.320307731628418,0.7915408611297607
99,99,5.544873237609863,0.28741398453712463,0.019405050203204155,4.308748245239258,0.9293059706687927
100,100,5.156111240386963,0.2997647821903229,0.02202090062201023,4.322551250457764,0.5117744207382202
101,101,1.003907561302185,0.29950159788131714,0.09063820540904999,0.021764950826764107,0.592002809047699
102,102,5.150259017944336,0.3019673228263855,0.03751612454652786,4.310225009918213,0.5005505681037903
103,103,5.062230110168457,0.2900145351886749,0.01769160106778145,4.320676803588867,0.43384677171707153
104,104,0.7593612670898438,0.28831666707992554,0.02735026553273201,0.02180054597556591,0.42189374566078186
105,105,5.342399597167969,0.3010235130786896,0.049552932381629944,4.29917049407959,0.6926527619361877
106,106,5.151016712188721,0.2836809754371643,0.05913057178258896,4.316418170928955,0.49178698658943176
107,107,5.491453647613525,0.2872724235057831,0.0370657853782177,4.298981666564941,0.868134081363678
108,108,5.349453449249268,0.298305481672287,0.027920283377170563,4.3042144775390625,0.7190132737159729
109,109,5.295006275177002,0.29343748092651367,0.017508577555418015,4.308249473571777,0.6758108735084534
110,110,1.4919207096099854,0.29746687412261963,0.021657368168234825,0.021744176745414734,1.1510522365570068
111,111,0.9195001125335693,0.2783375680446625,0.05868484079837799,0.021751001477241516,0.5607267022132874
112,112,5.238656044006348,0.3013014793395996,0.03455459326505661,4.309300899505615,0.5934991836547852
113,113,5.3706254959106445,0.2941078841686249,0.024976640939712524,4.306293964385986,0.7452471256256104
114,114,5.196503639221191,0.2983861565589905,0.037985458970069885,4.318573951721191,0.5415584444999695
115,115,0.9704251289367676,0.29086950421333313,0.1882752776145935,0.021726777777075768,0.4695535898208618
116,116,0.579226553440094,0.31338584423065186,0.028385423123836517,0.021757647395133972,0.21569766104221344
117,117,5.077492713928223,0.2726828157901764,0.018338849768042564,4.305023193359375,0.48144781589508057
118,118,1.059450387954712,0.27667683362960815,0.06099799647927284,0.021738700568675995,0.700036883354187
119,119,5.229978084564209,0.29456886649131775,0.03030133619904518,4.307318687438965,0.597789466381073
120,120,5.171045303344727,0.2862715423107147,0.026248592883348465,4.2974395751953125,0.5610858798027039
121,121,5.565290927886963,0.3094725012779236,0.034892015159130096,4.309671878814697,0.9112542867660522
122,122,1.0648813247680664,0.28682422637939453,0.19206523895263672,0.021746957674622536,0.5642448663711548
123,123,0.9784022569656372,0.2877519428730011,0.02949538640677929,0.021706536412239075,0.6394484043121338
124,124,0.9825751185417175,0.29390472173690796,0.044760409742593765,0.021717127412557602,0.6221928596496582
125,125,5.256915092468262,0.29815050959587097,0.03300522640347481,4.30441951751709,0.6213398575782776
126,126,5.181186676025391,0.29118266701698303,0.024614635854959488,4.31117582321167,0.5542137622833252
127,127,5.469625949859619,0.29262202978134155,0.027516713365912437,4.304926872253418,0.8445602655410767
128,128,5.224888801574707,0.2998216450214386,0.05139089748263359,4.316945552825928,0.5567308664321899
129,129,5.213420867919922,0.303744912147522,0.038732610642910004,4.314762592315674,0.5561807155609131
130,130,1.0115549564361572,0.2802983820438385,0.19692572951316833,0.021765559911727905,0.5125652551651001
131,131,0.9360721111297607,0.27577129006385803,0.11217294633388519,0.021717388182878494,0.5264105200767517
132,132,5.308345794677734,0.29853126406669617,0.024041732773184776,4.310028553009033,0.6757439970970154
133,133,5.1043195724487305,0.28795668482780457,0.02673253044486046,4.296836853027344,0.49279335141181946
134,134,5.2571024894714355,0.30309155583381653,0.03272527456283569,4.302149772644043,0.619135856628418
135,135,1.2579076290130615,0.2753729224205017,0.03407466411590576,0.02177025005221367,0.926689863204956
136,136,0.7961945533752441,0.26695773005485535,0.05750606954097748,0.021705444902181625,0.4500252902507782
137,137,0.7029464840888977,0.2955809533596039,0.20959992706775665,0.02160138636827469,0.1761641949415207
138,138,0.7351953387260437,0.28157731890678406,0.030802536755800247,0.021708667278289795,0.4011068046092987
139,139,5.087745666503906,0.30930250883102417,0.03569851815700531,4.329464435577393,0.41327980160713196
140,140,5.080282211303711,0.2907794713973999,0.02363911084830761,4.29708194732666,0.4687814712524414
141,141,5.265710353851318,0.2909480333328247,0.02556724287569523,4.311977386474609,0.6372174620628357
142,142,4.963670253753662,0.2907100021839142,0.028269890695810318,4.312994480133057,0.3316962420940399
143,143,6.36508321762085,0.3010474145412445,0.03726062551140785,4.323498725891113,1.703276515007019
144,144,5.398984909057617,0.2759079337120056,0.017516570165753365,4.308040142059326,0.7975202202796936
145,145,1.4469574689865112,0.2827543318271637,0.12921947240829468,0.02179018408060074,1.0131934881210327
146,146,5.105499744415283,0.3031254708766937,0.025220084935426712,4.293589115142822,0.48356491327285767
147,147,0.8545933365821838,0.28433331847190857,0.20734632015228271,0.02171037532389164,0.34120333194732666
148,148,5.217536926269531,0.2916552424430847,0.0259406715631485,4.304888725280762,0.595052182674408
149,149,5.419467926025391,0.281634658575058,0.028704624623060226,4.312946319580078,0.7961820363998413
150,150,5.333370208740234,0.2737948000431061,0.016035210341215134,4.313781261444092,0.7297589778900146
151,151,5.095465660095215,0.28427577018737793,0.02231048047542572,4.315352916717529,0.47352635860443115
152,152,4.948420524597168,0.2796857953071594,0.031142961233854294,4.312863349914551,0.3247282803058624
153,153,0.9016234874725342,0.26821619272232056,0.04533195123076439,0.02176913246512413,0.5663062334060669
154,154,5.10632848739624,0.26933592557907104,0.016072306782007217,4.300076484680176,0.5208438634872437
155,155,5.22939395904541,0.2940705716609955,0.020655259490013123,4.299877643585205,0.6147905588150024
156,156,0.9401966333389282,0.2764100730419159,0.06656093895435333,0.021719075739383698,0.5755065083503723
157,157,5.307692527770996,0.2739132344722748,0.052088215947151184,4.293407917022705,0.6882832050323486
158,158,5.340878009796143,0.26603302359580994,0.05550740286707878,4.3165483474731445,0.7027893662452698
159,159,4.995588779449463,0.2793560326099396,0.02819717302918434,4.303408622741699,0.3846268057823181
160,160,1.1513503789901733,0.27830448746681213,0.07655537128448486,0.021722160279750824,0.7747683525085449
161,161,5.102072238922119,0.27858471870422363,0.014130406081676483,4.309803009033203,0.49955421686172485
162,162,5.160472393035889,0.2843509018421173,0.03437945246696472,4.299045562744141,0.5426964163780212
163,163,5.495741367340088,0.26483333110809326,0.02848430536687374,4.303516864776611,0.8989067673683167
164,164,5.603466987609863,0.26458266377449036,0.03851217031478882,4.3139262199401855,0.9864460825920105
165,165,0.7351453304290771,0.2671375870704651,0.04722743481397629,0.021799057722091675,0.3989812433719635
166,166,5.1355366706848145,0.28424713015556335,0.022565240040421486,4.310608863830566,0.5181154608726501
167,167,5.471066951751709,0.26246291399002075,0.09440647065639496,4.30687952041626,0.8073183298110962
168,168,0.6369879245758057,0.2777106761932373,0.033871062099933624,0.02182692289352417,0.30357927083969116
169,169,1.198330283164978,0.28510782122612,0.04513566568493843,0.04342334717512131,0.8246634006500244
170,170,0.906214714050293,0.27158382534980774,0.0585445910692215,0.021756969392299652,0.5543292760848999
171,171,5.155917644500732,0.274585485458374,0.013482759706676006,4.3106279373168945,0.5572212338447571
172,172,5.315550804138184,0.27449679374694824,0.02473081275820732,4.313625335693359,0.7026978135108948
173,173,4.998315811157227,0.2748788595199585,0.018823208287358284,4.310272216796875,0.39434128999710083
174,174,0.6052813529968262,0.27349716424942017,0.027959629893302917,0.021833635866642,0.2819909453392029
175,175,5.368697166442871,0.2787357270717621,0.017104774713516235,4.306124687194824,0.7667319774627686
176,176,5.311281204223633,0.28646719455718994,0.04983335733413696,4.320652961730957,0.6543277502059937
177,177,5.471681118011475,0.26208075881004333,0.01659640669822693,4.306291580200195,0.8867124319076538
178,178,0.8277515172958374,0.3054913878440857,0.03318169713020325,0.021739443764090538,0.4673389792442322
179,179,0.6280452013015747,0.2948531210422516,0.047640360891819,0.021740950644016266,0.26381078362464905
180,180,5.140307426452637,0.29099729657173157,0.01580965518951416,4.324248790740967,0.5092516541481018
181,181,5.764547824859619,0.2672910690307617,0.03656071797013283,4.3303046226501465,1.1303915977478027
182,182,0.7416785955429077,0.26421505212783813,0.012935098260641098,0.02173495851457119,0.44279348850250244
183,183,0.793717622756958,0.27257993817329407,0.028236862272024155,0.021755386143922806,0.4711454510688782
184,184,1.1449952125549316,0.2678547203540802,0.05750756338238716,0.0434575192630291,0.7761754393577576
185,185,5.3525590896606445,0.267884761095047,0.0193452350795269,4.30457878112793,0.7607505321502686
186,186,1.063361644744873,0.29017263650894165,0.03128018230199814,0.04360083118081093,0.6983080506324768
187,187,4.9964094161987305,0.26172491908073425,0.04049641266465187,4.321589946746826,0.3725983798503876
188,188,5.817931652069092,0.26469504833221436,0.03737466409802437,4.303294658660889,1.2125674486160278
189,189,5.197718620300293,0.25969353318214417,0.024146053940057755,4.3055009841918945,0.6083781123161316
190,190,5.558318138122559,0.27617156505584717,0.03657057136297226,4.307901382446289,0.9376747608184814
191,191,0.645539402961731,0.2537825107574463,0.0922698974609375,0.021787406876683235,0.27769961953163147
192,192,5.303215980529785,0.2850782871246338,0.050324540585279465,4.309721946716309,0.6580908894538879
193,193,5.037758827209473,0.2591305673122406,0.014149663969874382,4.317233085632324,0.44724562764167786
194,194,0.7386190891265869,0.2655721604824066,0.1901029646396637,0.04335515946149826,0.23958876729011536
195,195,5.691060543060303,0.26821210980415344,0.019978579133749008,4.310281276702881,1.0925885438919067
196,196,5.098755359649658,0.26416417956352234,0.014998429454863071,4.306243896484375,0.5133489966392517
197,197,5.340702056884766,0.25946420431137085,0.0553092397749424,4.304326057434082,0.721602201461792
198,198,5.244945526123047,0.26718711853027344,0.06785343587398529,4.315999984741211,0.5939050912857056
199,199,4.759757041931152,0.2609899342060089,0.02405261993408203,4.312459468841553,0.16225458681583405
200,200,5.470920562744141,0.25156548619270325,0.03374794125556946,4.311507225036621,0.8740999698638916
201,201,5.498638153076172,0.2953702211380005,0.022954832762479782,4.324032306671143,0.8562807440757751
202,202,5.2181501388549805,0.26040318608283997,0.014018038287758827,4.309924125671387,0.6338046193122864
203,203,5.364223957061768,0.25529882311820984,0.057844724506139755,4.3135857582092285,0.7374946475028992
204,204,0.8499205112457275,0.28502270579338074,0.10471084713935852,0.021777164191007614,0.43840980529785156
205,205,0.7400857210159302,0.24884997308254242,0.04557257518172264,0.021768346428871155,0.4238947927951813
206,206,1.0054004192352295,0.24262620508670807,0.13778182864189148,0.021696096286177635,0.6032962799072266
207,207,5.020411014556885,0.2539781928062439,0.040816280990839005,4.299174785614014,0.4264417886734009
208,208,5.197776794433594,0.26624637842178345,0.029205121099948883,4.31600284576416,0.5863221883773804
209,209,5.33863639831543,0.2629441022872925,0.05134592205286026,4.310509204864502,0.7138372659683228
210,210,5.311119079589844,0.28845295310020447,0.03370155021548271,4.303605556488037,0.6853590607643127
211,211,5.1246771812438965,0.24865414202213287,0.01945533975958824,4.325201988220215,0.5313658118247986
212,212,0.5959134101867676,0.25674331188201904,0.03753708675503731,0.021795084699988365,0.2798379361629486
213,213,4.841238498687744,0.25935325026512146,0.032214198261499405,4.310498237609863,0.23917286098003387
214,214,4.910458087921143,0.25971686840057373,0.039227548986673355,4.307451248168945,0.3040623366832733
215,215,5.105698585510254,0.26791465282440186,0.019027186557650566,4.323243618011475,0.4955129325389862
216,216,5.035993576049805,0.2563712000846863,0.022489488124847412,4.2894697189331055,0.4676634967327118
217,217,4.965163230895996,0.2659141421318054,0.059748563915491104,4.317962169647217,0.3215384781360626
218,218,0.7287789583206177,0.24066700041294098,0.232603058218956,0.02175525575876236,0.23375368118286133
219,219,5.166375160217285,0.25599825382232666,0.01854054443538189,4.328503131866455,0.5633329153060913
220,220,5.1916422843933105,0.2514607310295105,0.09011397510766983,4.303897857666016,0.5461699366569519
221,221,5.382458209991455,0.25250810384750366,0.031141439452767372,4.314024448394775,0.7847843170166016
222,222,5.374959468841553,0.2399352639913559,0.022865401580929756,4.309778690338135,0.8023799657821655
223,223,5.318161487579346,0.2529968321323395,0.0761772021651268,4.303625583648682,0.6853618025779724
224,224,5.410696983337402,0.25019970536231995,0.021435288712382317,4.310242652893066,0.8288195133209229
225,225,5.3345723152160645,0.2580774426460266,0.041271645575761795,4.327330589294434,0.7078922390937805
226,226,1.0810258388519287,0.2582150399684906,0.04143134877085686,0.021797094494104385,0.7595824003219604
227,227,0.9024636149406433,0.2533467411994934,0.03559160232543945,0.04355401545763016,0.5699712634086609
228,228,5.157334327697754,0.26041078567504883,0.021074768155813217,4.321616172790527,0.5542323589324951
229,229,1.1607398986816406,0.2481703758239746,0.08336248248815536,0.021784182637929916,0.8074228763580322
230,230,1.0582116842269897,0.26121336221694946,0.4258936047554016,0.021728135645389557,0.3493765592575073
231,231,5.972296237945557,0.27075615525245667,0.04275185614824295,4.316075325012207,1.3427129983901978
232,232,5.727087020874023,0.2321683019399643,0.016701307147741318,4.319113731384277,1.1591041088104248
233,233,5.217329502105713,0.264618843793869,0.037428922951221466,4.296960353851318,0.6183213591575623
234,234,4.936010360717773,0.2707180380821228,0.034781314432621,4.312572479248047,0.31793832778930664
235,235,0.9032072424888611,0.2578962743282318,0.03919105976819992,0.021797459572553635,0.584322452545166
236,236,0.9710249900817871,0.2542484700679779,0.05221662297844887,0.04351792484521866,0.6210419535636902
237,237,5.301146507263184,0.24651218950748444,0.0643140897154808,4.313657283782959,0.6766630411148071
238,238,5.408068656921387,0.2344505786895752,0.058296553790569305,4.311090469360352,0.8042311072349548
239,239,5.161744117736816,0.24252524971961975,0.010164952836930752,4.300349235534668,0.6087046265602112
240,240,0.8651514053344727,0.2856355607509613,0.035290058702230453,0.043398357927799225,0.500827431678772
241,241,5.162003517150879,0.2560054361820221,0.024579059332609177,4.305230617523193,0.576188325881958
242,242,0.5961697101593018,0.2766433358192444,0.03544475883245468,0.02179918810725212,0.26228246092796326
243,243,5.406245231628418,0.25339123606681824,0.020666340366005898,4.30760383605957,0.8245840668678284
244,244,5.199919700622559,0.26700687408447266,0.03078014776110649,4.299803256988525,0.6023291945457458
245,245,0.7262398600578308,0.24688215553760529,0.044554147869348526,0.02182440087199211,0.4129791557788849
246,246,5.340389728546143,0.24852865934371948,0.019482728093862534,4.321658611297607,0.7507196664810181
247,247,5.660825252532959,0.2521694004535675,0.04504120349884033,4.31996488571167,1.043649673461914
248,248,5.228135108947754,0.2474113553762436,0.04203961789608002,4.312012195587158,0.6266718506813049
249,249,5.2330002784729,0.25358501076698303,0.030593298375606537,4.30609655380249,0.6427255272865295
250,250,4.935399532318115,0.24907907843589783,0.070485420525074,4.324049472808838,0.2917858958244324
251,251,5.236523151397705,0.25151771306991577,0.04882041737437248,4.313726425170898,0.6224584579467773
252,252,5.495058059692383,0.24077115952968597,0.0784313753247261,4.31345796585083,0.8623975515365601
253,253,5.4623026847839355,0.2438220977783203,0.03344022110104561,4.3143415451049805,0.8706989288330078
254,254,5.333420276641846,0.2714250385761261,0.043608855456113815,4.305139541625977,0.7132469415664673
255,255,5.473359107971191,0.23654617369174957,0.022801171988248825,4.309473514556885,0.9045383930206299
256,256,0.8636548519134521,0.23810558021068573,0.05673407390713692,0.021727152168750763,0.5470880270004272
257,257,5.800829887390137,0.25704801082611084,0.029490767046809196,4.312493801116943,1.201797366142273
258,258,4.861043930053711,0.2508237659931183,0.05866405367851257,4.313436508178711,0.2381194829940796
259,259,6.722320079803467,0.2401258647441864,0.09539689123630524,4.320804119110107,2.065993309020996
260,260,5.429841041564941,0.2431454360485077,0.04376165568828583,4.311014652252197,0.8319193124771118
261,261,5.235247611999512,0.2662225365638733,0.02110334485769272,4.308328151702881,0.6395933628082275
262,262,5.180784225463867,0.24859464168548584,0.04218795895576477,4.313712120056152,0.5762895941734314
263,263,5.317624568939209,0.2603205740451813,0.042116522789001465,4.315831184387207,0.6993561387062073
264,264,5.378190040588379,0.23696644604206085,0.07436083257198334,4.3115081787109375,0.7553542852401733
265,265,5.2133355140686035,0.23235701024532318,0.040256567299366,4.299191474914551,0.6415306925773621
266,266,5.233368396759033,0.24016104638576508,0.051568493247032166,4.306797504425049,0.63484126329422
267,267,4.997352123260498,0.27196845412254333,0.025145895779132843,4.30945348739624,0.3907841444015503
268,268,5.054628372192383,0.2568392753601074,0.04931360483169556,4.299203395843506,0.44927218556404114
269,269,5.755464553833008,0.25444281101226807,0.030923042446374893,4.309055805206299,1.16104257106781
270,270,5.259760856628418,0.25543421506881714,0.018870627507567406,4.311163902282715,0.6742923259735107
271,271,0.8421159982681274,0.23755192756652832,0.0396643802523613,0.021753761917352676,0.5431459546089172
272,272,0.8010729551315308,0.23040422797203064,0.061393626034259796,0.02168598212301731,0.48758912086486816
273,273,5.318058967590332,0.24829120934009552,0.13201846182346344,4.329463958740234,0.6082856059074402
274,274,4.829347133636475,0.24631650745868683,0.03880889713764191,4.3007073402404785,0.24351459741592407
275,275,5.291876316070557,0.2445710152387619,0.06768084317445755,4.298007965087891,0.6816161274909973
276,276,0.6465882062911987,0.23396822810173035,0.1687757670879364,0.02181132137775421,0.22203290462493896
277,277,5.246734142303467,0.23582682013511658,0.009516866877675056,4.313691139221191,0.6876992583274841
278,278,4.868727684020996,0.24553412199020386,0.02667328156530857,4.308981418609619,0.28753897547721863
279,279,5.116330623626709,0.23242999613285065,0.027407146990299225,4.31474494934082,0.5417484045028687
280,280,5.025653839111328,0.24766884744167328,0.04211442172527313,4.314601421356201,0.4212690591812134
281,281,0.8215934634208679,0.24899311363697052,0.02964412048459053,0.021755114197731018,0.5212011337280273
282,282,0.8868187069892883,0.22915147244930267,0.1204008087515831,0.021727751940488815,0.5155386924743652
283,283,5.080265998840332,0.2551943063735962,0.04329461604356766,4.324978828430176,0.4567982852458954
284,284,0.8768779039382935,0.21545907855033875,0.07779142260551453,0.021750159561634064,0.5618772506713867
285,285,1.1533279418945312,0.21943534910678864,0.1911434829235077,0.02170323207974434,0.7210457921028137
286,286,0.7168136835098267,0.22132538259029388,0.03054537996649742,0.021701356396079063,0.44324153661727905
287,287,5.176263809204102,0.23005053400993347,0.022896520793437958,4.313684463500977,0.6096324324607849
288,288,0.8036344051361084,0.2116817682981491,0.09114224463701248,0.021697048097848892,0.47911337018013
289,289,4.882721900939941,0.2290714830160141,0.0618264302611351,4.311345100402832,0.2804791331291199
290,290,1.0239392518997192,0.24762102961540222,0.20326372981071472,0.021661121398210526,0.5513933300971985
291,291,5.15153694152832,0.25561484694480896,0.05371531471610069,4.31748104095459,0.524726152420044
292,292,5.256112098693848,0.22297877073287964,0.03289259225130081,4.318376064300537,0.6818646788597107
293,293,5.234738349914551,0.2220144122838974,0.03398802876472473,4.314752101898193,0.6639840006828308
294,294,0.7232840061187744,0.21319405734539032,0.06567969173192978,0.021699223667383194,0.4227110743522644
295,295,5.3267059326171875,0.2598097324371338,0.03458530455827713,4.3037028312683105,0.7286079525947571
296,296,4.861475467681885,0.22308391332626343,0.023866377770900726,4.325469017028809,0.2890564799308777
297,297,4.971521854400635,0.24310289323329926,0.04024413973093033,4.3057403564453125,0.38243427872657776
298,298,0.6724245548248291,0.2433609813451767,0.023978717625141144,0.021785303950309753,0.3832995593547821
299,299,5.143771171569824,0.22375600039958954,0.036899082362651825,4.306403160095215,0.5767132639884949
300,300,0.7477718591690063,0.2262953668832779,0.058064721524715424,0.021747663617134094,0.44166406989097595
301,301,5.414674758911133,0.23522675037384033,0.012190151028335094,4.307834625244141,0.8594233989715576
302,302,4.835677623748779,0.22378216683864594,0.04656490311026573,4.298266410827637,0.26706427335739136
303,303,4.98197603225708,0.24263648688793182,0.023081665858626366,4.315391540527344,0.40086668729782104
304,304,5.227424621582031,0.21612516045570374,0.07431793212890625,4.3034491539001465,0.633532702922821
305,305,5.566343784332275,0.24204683303833008,0.04972243681550026,4.322754859924316,0.9518197774887085
306,306,5.346048355102539,0.22587168216705322,0.03855927288532257,4.3109917640686035,0.7706257700920105
307,307,0.7057868838310242,0.21036498248577118,0.05501427501440048,0.021710479632019997,0.41869714856147766
308,308,5.089141368865967,0.2290697544813156,0.025127336382865906,4.304681301116943,0.5302630066871643
309,309,5.083070755004883,0.2185232937335968,0.0355219841003418,4.309977054595947,0.5190483331680298
310,310,5.1469550132751465,0.23269952833652496,0.030696436762809753,4.313870429992676,0.569688618183136
311,311,0.9628938436508179,0.2684888243675232,0.032623738050460815,0.043412692844867706,0.6183685660362244
312,312,0.5525079965591431,0.23332512378692627,0.02895103581249714,0.02175392583012581,0.2684779167175293
313,313,1.241147756576538,0.23155774176120758,0.0709889754652977,0.021686051040887833,0.9169149994850159
314,314,1.5854889154434204,0.21869032084941864,0.17579719424247742,0.021796835586428642,1.169204592704773
315,315,5.121404647827148,0.23440846800804138,0.03980749845504761,4.3043999671936035,0.5427883267402649
316,316,0.5720024108886719,0.21900790929794312,0.08692644536495209,0.021787747740745544,0.24428027868270874
317,317,0.7122759222984314,0.21453233063220978,0.025507984682917595,0.02169898897409439,0.4505366086959839
318,318,5.284720420837402,0.23166276514530182,0.21476472914218903,4.3149943351745605,0.523298978805542
319,319,5.168282508850098,0.2205106019973755,0.031167708337306976,4.297418117523193,0.619185745716095
320,320,5.179220676422119,0.22228512167930603,0.019709615036845207,4.313628196716309,0.6235977411270142
321,321,1.257537841796875,0.24084588885307312,0.03174278512597084,0.02176838368177414,0.9631807804107666
322,322,4.831266403198242,0.24825716018676758,0.034935180097818375,4.3033928871154785,0.24468117952346802
323,323,5.0721588134765625,0.2192355841398239,0.03242211416363716,4.299783706665039,0.5207176804542542
324,324,5.010691165924072,0.23662926256656647,0.030039746314287186,4.28908634185791,0.4549359977245331
325,325,5.3812055587768555,0.2333565652370453,0.029826272279024124,4.304870128631592,0.8131528496742249
326,326,0.9207878112792969,0.21397246420383453,0.10838674008846283,0.02175815962255001,0.5766704082489014
327,327,5.360378265380859,0.2369338423013687,0.02339605800807476,4.32758903503418,0.7724592685699463
328,328,4.869134426116943,0.20924872159957886,0.015792518854141235,4.3096771240234375,0.3344157338142395
329,329,5.117783546447754,0.20725132524967194,0.021783411502838135,4.303065776824951,0.5856829285621643
330,330,5.0063323974609375,0.23291237652301788,0.03502541780471802,4.308650493621826,0.4297444224357605
331,331,1.078304409980774,0.2227928191423416,0.2819057106971741,0.021714583039283752,0.5518913269042969
332,332,0.7502696514129639,0.2205110639333725,0.0721263587474823,0.021710598841309547,0.43592163920402527
333,333,5.083412170410156,0.22635814547538757,0.033325474709272385,4.334740161895752,0.48898857831954956
334,334,5.437042236328125,0.2443065047264099,0.057180292904376984,4.326424598693848,0.8091309070587158
335,335,5.33490514755249,0.21933318674564362,0.03391369432210922,4.3009490966796875,0.7807092070579529
336,336,5.225019454956055,0.2184477299451828,0.043426819145679474,4.308786392211914,0.6543585062026978
337,337,1.0111571550369263,0.2318287491798401,0.040365591645240784,0.02172202616930008,0.7172408103942871
338,338,4.935551643371582,0.20870299637317657,0.026320889592170715,4.321540832519531,0.378986656665802
339,339,5.2355170249938965,0.21809236705303192,0.041819822043180466,4.308910846710205,0.6666940450668335
340,340,5.405750751495361,0.23616519570350647,0.0325603112578392,4.321338653564453,0.8156868815422058
341,341,0.5199148654937744,0.22299621999263763,0.11971091479063034,0.021759409457445145,0.1554482877254486
342,342,5.1919755935668945,0.23419441282749176,0.027348734438419342,4.304256439208984,0.6261758804321289
343,343,5.096736907958984,0.22061307728290558,0.05130404233932495,4.315080642700195,0.5097387433052063
344,344,5.004560947418213,0.21598219871520996,0.018207497894763947,4.296453952789307,0.4739173650741577
345,345,0.7677701115608215,0.21437877416610718,0.060158923268318176,0.021722983568906784,0.4715094566345215
346,346,5.054675102233887,0.21371246874332428,0.026480218395590782,4.316164016723633,0.49831825494766235
347,347,5.179279804229736,0.2268577516078949,0.03990715369582176,4.3239312171936035,0.5885836482048035
348,348,0.8475004434585571,0.22760075330734253,0.041848234832286835,0.021730639040470123,0.5563207864761353
349,349,5.24794864654541,0.211992546916008,0.04439893737435341,4.318415641784668,0.6731415390968323
350,350,0.6846610307693481,0.22791272401809692,0.028198957443237305,0.021817348897457123,0.4067319631576538
351,351,5.2030029296875,0.22325435280799866,0.08862963318824768,4.3152594566345215,0.5758594274520874
352,352,5.4021148681640625,0.22144553065299988,0.030601371079683304,4.297598838806152,0.8524690270423889
353,353,5.010980129241943,0.2076781541109085,0.044559307396411896,4.315089225769043,0.44365352392196655
354,354,5.082403182983398,0.21580667793750763,0.058085136115550995,4.308350563049316,0.5001609325408936
355,355,5.004446983337402,0.2293553352355957,0.01984732784330845,4.3099260330200195,0.44531798362731934
356,356,0.6104648113250732,0.2208614945411682,0.15717138350009918,0.02169353887438774,0.2107384353876114
357,357,4.974987506866455,0.22881297767162323,0.031856272369623184,4.302265644073486,0.41205260157585144
358,358,0.6907531023025513,0.21416549384593964,0.019241079688072205,0.021708741784095764,0.4356377422809601
359,359,5.385163307189941,0.20270678400993347,0.040620047599077225,4.308469772338867,0.8333669304847717
360,360,5.20985746383667,0.20161312818527222,0.05966348946094513,4.305018901824951,0.6435617208480835
361,361,5.405805587768555,0.2199501246213913,0.054934121668338776,4.306262969970703,0.8246582746505737
362,362,0.9150118827819824,0.1975722759962082,0.03541945666074753,0.04345208778977394,0.638568103313446
363,363,1.1282596588134766,0.20505522191524506,0.1890527606010437,0.02180679887533188,0.7123448252677917
364,364,0.7483466863632202,0.20374993979930878,0.03472542017698288,0.021725550293922424,0.48814573884010315
365,365,5.1088547706604,0.23311081528663635,0.04281274601817131,4.317597389221191,0.5153337717056274
366,366,5.098132610321045,0.23339834809303284,0.02412046305835247,4.318656921386719,0.5219570398330688
367,367,5.605932235717773,0.2038852870464325,0.07903818786144257,4.318129062652588,1.0048800706863403
368,368,0.6929734945297241,0.20224273204803467,0.04269189015030861,0.02173224464058876,0.42630666494369507
369,369,5.463883399963379,0.20937170088291168,0.03028719499707222,4.308134078979492,0.9160902500152588
370,370,5.2633161544799805,0.20292291045188904,0.0218520425260067,4.3169355392456055,0.7216058969497681
371,371,0.9834256768226624,0.2126360386610031,0.22506387531757355,0.02183254063129425,0.5238932371139526
372,372,0.7981145977973938,0.2404700219631195,0.02154885232448578,0.02179611101746559,0.5142996311187744
373,373,5.272269248962402,0.2204907238483429,0.036460354924201965,4.313121795654297,0.7021961212158203
374,374,5.4011006355285645,0.2041841447353363,0.026790263131260872,4.302367210388184,0.867759108543396
375,375,5.270606994628906,0.21301288902759552,0.030939005315303802,4.313621520996094,0.7130337357521057
376,376,5.237224102020264,0.24305681884288788,0.02633213996887207,4.319723129272461,0.6481117010116577
377,377,5.070921897888184,0.21143610775470734,0.03251843899488449,4.307465076446533,0.5195022821426392
378,378,4.81575345993042,0.24383817613124847,0.026775982230901718,4.312043190002441,0.23309597373008728
379,379,5.125162601470947,0.2330101579427719,0.025053635239601135,4.326988697052002,0.5401102304458618
380,380,1.0596208572387695,0.20152314007282257,0.025934208184480667,0.021744709461927414,0.8104188442230225
381,381,0.7835871577262878,0.2370729297399521,0.030649522319436073,0.021737050265073776,0.49412766098976135
382,382,5.481809616088867,0.22950422763824463,0.026677729561924934,4.310819625854492,0.9148082137107849
383,383,5.239381313323975,0.21942546963691711,0.024822726845741272,4.301926136016846,0.6932067275047302
384,384,5.101812839508057,0.21824659407138824,0.0381840318441391,4.313596248626709,0.5317860245704651
385,385,5.177465915679932,0.2295365184545517,0.020486980676651,4.3162455558776855,0.6111968755722046
386,386,4.966864585876465,0.20495645701885223,0.040435224771499634,4.316926956176758,0.4045456051826477
387,387,5.075192451477051,0.22250202298164368,0.024840600788593292,4.293389797210693,0.5344600081443787
388,388,6.39740514755249,0.19470955431461334,0.06549791246652603,4.32181978225708,1.8153777122497559
389,389,4.991821765899658,0.206663578748703,0.02128988318145275,4.309604167938232,0.45426422357559204
390,390,5.035487174987793,0.20008903741836548,0.030382195487618446,4.304739952087402,0.5002759099006653
391,391,0.5972517728805542,0.21699440479278564,0.025905326008796692,0.021824579685926437,0.3325274586677551
392,392,0.5286056995391846,0.21413211524486542,0.04593830183148384,0.0217776857316494,0.2467575967311859
393,393,5.030644416809082,0.19970643520355225,0.07065627723932266,4.298743724822998,0.4615377187728882
394,394,5.537133693695068,0.22060996294021606,0.0430695004761219,4.306849002838135,0.9666050672531128
395,395,5.034675598144531,0.21487753093242645,0.01845700480043888,4.310722351074219,0.4906187951564789
396,396,0.7176950573921204,0.21789099276065826,0.034100405871868134,0.02165432646870613,0.44404932856559753
397,397,5.4228925704956055,0.19906136393547058,0.0537509061396122,4.296712398529053,0.8733678460121155
398,398,5.423342227935791,0.19500747323036194,0.06093783304095268,4.309854507446289,0.8575426340103149
399,399,5.197686195373535,0.21381200850009918,0.01817745715379715,4.305515766143799,0.6601811051368713
400,400,5.359678745269775,0.19254045188426971,0.03060196340084076,4.299718379974365,0.8368178606033325
401,401,5.054518699645996,0.20708578824996948,0.038782693445682526,4.307436943054199,0.5012128353118896
402,402,5.178374767303467,0.1916322261095047,0.13209296762943268,4.318686008453369,0.5359636545181274
403,403,4.901424407958984,0.21440479159355164,0.029092632234096527,4.293607234954834,0.36431968212127686
404,404,4.743658065795898,0.18485093116760254,0.04400347173213959,4.3124308586120605,0.20237304270267487
405,405,0.9076577425003052,0.1994267851114273,0.026813695207238197,0.021798543632030487,0.6596187353134155
406,406,5.189941883087158,0.2128935307264328,0.0258670374751091,4.304661273956299,0.6465200781822205
407,407,5.236873626708984,0.20985223352909088,0.06545788049697876,4.312781810760498,0.6487820148468018
408,408,5.329847812652588,0.20648892223834991,0.03609982877969742,4.307466506958008,0.7797922492027283
409,409,5.324648857116699,0.19499798119068146,0.031854722648859024,4.318202972412109,0.7795931100845337
410,410,5.038388252258301,0.2085273116827011,0.021770421415567398,4.303867340087891,0.5042231678962708
411,411,4.956354141235352,0.21489863097667694,0.019550126045942307,4.323923110961914,0.39798209071159363
412,412,4.981040954589844,0.2079412043094635,0.0646243616938591,4.3011016845703125,0.4073740243911743
413,413,0.6812165975570679,0.19551193714141846,0.06619809567928314,0.021782459691166878,0.39772412180900574
414,414,5.05047607421875,0.21451668441295624,0.024117399007081985,4.318387508392334,0.49345463514328003
415,415,1.0309491157531738,0.19299477338790894,0.29449787735939026,0.021732108667492867,0.5217244029045105
416,416,5.039585590362549,0.23036235570907593,0.03855273500084877,4.314202308654785,0.4564678966999054
417,417,0.5347064137458801,0.1824599951505661,0.14974430203437805,0.021801546216011047,0.1807006150484085
418,418,5.113602638244629,0.20499391853809357,0.03474262356758118,4.315394878387451,0.5584713220596313
419,419,5.020665645599365,0.19362984597682953,0.021394021809101105,4.304899215698242,0.5007423758506775
420,420,5.112571716308594,0.19684496521949768,0.037487130612134933,4.304440021514893,0.573799729347229
421,421,0.7633498907089233,0.18747001886367798,0.11286494880914688,0.021739836782217026,0.44127506017684937
422,422,1.1749919652938843,0.1954900473356247,0.07849536836147308,0.0434095561504364,0.8575969934463501
423,423,5.287010192871094,0.2055424451828003,0.006233997642993927,4.318857192993164,0.7563765048980713
424,424,5.060390472412109,0.19077129662036896,0.029917025938630104,4.315712928771973,0.5239890813827515
425,425,5.055967807769775,0.20481455326080322,0.046051137149333954,4.313739776611328,0.4913622736930847
426,426,1.1019223928451538,0.19971497356891632,0.2808022201061249,0.021707139909267426,0.5996980667114258
427,427,0.6350514888763428,0.20363040268421173,0.047991856932640076,0.021703287959098816,0.36172592639923096
428,428,0.5396423935890198,0.20661865174770355,0.024023739621043205,0.021712174639105797,0.2872878313064575
429,429,5.105158805847168,0.207978755235672,0.025975815951824188,4.306114673614502,0.5650895833969116
430,430,5.517236232757568,0.22127419710159302,0.026427749544382095,4.306110858917236,0.9634233117103577
431,431,4.866439342498779,0.1965191811323166,0.04648377001285553,4.3132829666137695,0.3101535737514496
432,432,5.244508743286133,0.20510220527648926,0.05346125364303589,4.308287620544434,0.6776573657989502
433,433,0.6642144918441772,0.18913665413856506,0.02221635729074478,0.02175389975309372,0.4311075806617737
434,434,0.7581165432929993,0.20710179209709167,0.03334394842386246,0.02179909497499466,0.49587172269821167
435,435,4.8188982009887695,0.2036839872598648,0.032043904066085815,4.304403781890869,0.27876681089401245
436,436,0.6754916906356812,0.22918878495693207,0.03167174011468887,0.021678932011127472,0.39295220375061035
437,437,5.730159282684326,0.2103736251592636,0.043696410953998566,4.31837797164917,1.1577116250991821
438,438,4.907849311828613,0.21996106207370758,0.054969921708106995,4.304213047027588,0.3287052810192108
439,439,5.318026065826416,0.19115857779979706,0.02866499125957489,4.315269470214844,0.7829331755638123
440,440,0.5796089172363281,0.20712970197200775,0.0306041669100523,0.04353124648332596,0.29834383726119995
441,441,5.6113600730896,0.23475152254104614,0.023058034479618073,4.31240177154541,1.0411485433578491
442,442,5.034776210784912,0.19227845966815948,0.013859611935913563,4.306334972381592,0.5223032236099243
443,443,5.105044364929199,0.22020860016345978,0.029147936031222343,4.300662040710449,0.5550257563591003
444,444,5.003396987915039,0.19040217995643616,0.03812248259782791,4.307093143463135,0.46777915954589844
445,445,5.204615592956543,0.17367303371429443,0.03663715347647667,4.312733173370361,0.6815725564956665
446,446,1.0622329711914062,0.19879837334156036,0.05112600326538086,0.02162943221628666,0.7906791567802429
447,447,5.173466205596924,0.21127480268478394,0.0473712794482708,4.311336040496826,0.6034842133522034
448,448,0.8744900822639465,0.1904841810464859,0.17364968359470367,0.021735653281211853,0.4886205792427063
449,449,5.062469482421875,0.19256256520748138,0.061909809708595276,4.3070783615112305,0.5009186267852783
450,450,5.191179275512695,0.1932622492313385,0.021805807948112488,4.299888610839844,0.6762230396270752
451,451,4.819235324859619,0.19980502128601074,0.014716550707817078,4.316093921661377,0.2886199653148651
452,452,5.038710117340088,0.19409045577049255,0.028357092291116714,4.321412563323975,0.49485015869140625
453,453,5.427803993225098,0.19292064011096954,0.03993312269449234,4.312245845794678,0.8827041387557983
454,454,0.7890967130661011,0.18501292169094086,0.07325225323438644,0.02176622673869133,0.5090653300285339
455,455,5.140020370483398,0.1986064910888672,0.03973652422428131,4.321754455566406,0.5799227356910706
456,456,4.981059551239014,0.21260929107666016,0.021085621789097786,4.320329666137695,0.42703473567962646
457,457,5.128837585449219,0.1934577375650406,0.05608280748128891,4.299400329589844,0.5798969864845276
458,458,1.5731102228164673,0.19305843114852905,0.14181780815124512,0.021664932370185852,1.2165690660476685
459,459,1.3187812566757202,0.18337686359882355,0.0699211061000824,0.021662993356585503,1.0438202619552612
460,460,5.111185550689697,0.19284911453723907,0.07375340908765793,4.308721542358398,0.5358616709709167
461,461,0.480293869972229,0.18717148900032043,0.11117595434188843,0.021777132526040077,0.1601693034172058
462,462,5.292140007019043,0.18423698842525482,0.042799629271030426,4.308966636657715,0.7561370730400085
463,463,0.7732095718383789,0.17716005444526672,0.11529408395290375,0.021827785298228264,0.4589276909828186
464,464,0.6983686685562134,0.17507076263427734,0.05980823561549187,0.021693959832191467,0.44179567694664
465,465,5.068027496337891,0.19840222597122192,0.023839998990297318,4.30684757232666,0.5389375686645508
466,466,0.6553127765655518,0.1742897629737854,0.04673463851213455,0.021780822426080704,0.4125075936317444
467,467,0.8699826598167419,0.1763436496257782,0.021924737840890884,0.021710200235247612,0.6500040888786316
468,468,4.814847946166992,0.18602204322814941,0.05568623170256615,4.3010149002075195,0.2721247971057892
469,469,4.941592693328857,0.20553123950958252,0.011592070572078228,4.308448314666748,0.41602104902267456
470,470,0.7379544973373413,0.1846158355474472,0.029569655656814575,0.02180583029985428,0.501963198184967
471,471,5.0106120109558105,0.17296233773231506,0.03126861900091171,4.318019390106201,0.4883618950843811
472,472,5.002339839935303,0.18662747740745544,0.022189434617757797,4.321060657501221,0.472461998462677
473,473,1.0264488458633423,0.21891385316848755,0.03385413438081741,0.0217557605355978,0.7519251108169556
474,474,5.110170364379883,0.20679952204227448,0.03662598878145218,4.304388999938965,0.5623559355735779
475,475,5.4052958488464355,0.1810128092765808,0.08082649111747742,4.317723751068115,0.8257326483726501
476,476,0.3740643262863159,0.1715264916419983,0.01859758421778679,0.0217725932598114,0.16216765344142914
477,477,5.071537017822266,0.1951550543308258,0.017225632444024086,4.309040069580078,0.5501158237457275
478,478,5.853083610534668,0.1998259723186493,0.03053705021739006,4.309629917144775,1.3130906820297241
479,479,5.107794761657715,0.21205277740955353,0.0329723060131073,4.314619064331055,0.5481504797935486
480,480,5.140519142150879,0.1932532787322998,0.03190969303250313,4.309391021728516,0.6059650182723999
481,481,5.308986663818359,0.1730346977710724,0.0529659166932106,4.314804553985596,0.7681814432144165
482,482,5.075851917266846,0.18547269701957703,0.022793520241975784,4.307740211486816,0.5598455667495728
483,483,0.7064700126647949,0.19584307074546814,0.09041696786880493,0.021718380972743034,0.3984915614128113
484,484,5.081971645355225,0.17486907541751862,0.04525919258594513,4.301870346069336,0.5599731206893921
485,485,0.5616575479507446,0.23594392836093903,0.020460670813918114,0.021713610738515854,0.2835392951965332
486,486,5.096009254455566,0.19624099135398865,0.03032591938972473,4.304103851318359,0.5653384327888489
487,487,5.951383113861084,0.18544051051139832,0.028991732746362686,4.306668281555176,1.430282711982727
488,488,0.6672963500022888,0.17910541594028473,0.10645774751901627,0.021780092269182205,0.3599530756473541
489,489,0.8424578905105591,0.18598482012748718,0.08565538376569748,0.021748270839452744,0.5490694046020508
490,490,0.5142614841461182,0.18402493000030518,0.047374285757541656,0.021700941026210785,0.26116132736206055
491,491,5.076150894165039,0.2097739726305008,0.03390950709581375,4.3072590827941895,0.5252085328102112
492,492,5.0587968826293945,0.21487420797348022,0.033315300941467285,4.309711456298828,0.5008957982063293
493,493,0.620128870010376,0.20219974219799042,0.0583173893392086,0.02173934504389763,0.3378724455833435
494,494,5.400597095489502,0.20209820568561554,0.04596857726573944,4.323766231536865,0.828764021396637
495,495,5.032916069030762,0.1710936427116394,0.032502926886081696,4.307269096374512,0.5220502018928528
496,496,5.012923240661621,0.16826942563056946,0.038955338299274445,4.303403377532959,0.5022950768470764
497,497,5.214852333068848,0.17250578105449677,0.03575119376182556,4.309694290161133,0.6969010233879089
498,498,0.5725678205490112,0.1893308162689209,0.1302376389503479,0.0217435359954834,0.23125581443309784
499,499,5.347085952758789,0.1893274188041687,0.06383941322565079,4.302555084228516,0.791364312171936
500,500,5.152160167694092,0.17450055480003357,0.055435843765735626,4.3141045570373535,0.6081189513206482
501,501,5.251234531402588,0.17159385979175568,0.07662209123373032,4.309915542602539,0.693103015422821
502,502,5.070402145385742,0.18185198307037354,0.021951425820589066,4.313361644744873,0.5532371997833252
503,503,5.761469841003418,0.174192413687706,0.020468948408961296,4.311213493347168,1.2555954456329346
504,504,5.110979080200195,0.18345002830028534,0.0322873592376709,4.316730976104736,0.5785108804702759
505,505,5.356202125549316,0.21162903308868408,0.0236665029078722,4.336118698120117,0.7847880721092224
506,506,5.267777919769287,0.20986557006835938,0.03948536142706871,4.31772518157959,0.7007016539573669
507,507,0.48840630054473877,0.18117041885852814,0.03587678074836731,0.021694865077733994,0.24966421723365784
508,508,4.9770636558532715,0.1817908138036728,0.03658042475581169,4.308647155761719,0.4500449299812317
509,509,4.928001880645752,0.18508796393871307,0.023609526455402374,4.314556121826172,0.4047486186027527
510,510,5.2864251136779785,0.16864357888698578,0.035356372594833374,4.301751136779785,0.7806740403175354
511,511,1.0424413681030273,0.16217389702796936,0.027355756610631943,0.02173011004924774,0.8311816453933716
512,512,4.973505973815918,0.1942545771598816,0.021704919636249542,4.299792766571045,0.45775341987609863
513,513,0.5343011617660522,0.18387550115585327,0.029614608734846115,0.0217231884598732,0.2990878224372864
514,514,0.6962528824806213,0.16839832067489624,0.010280845686793327,0.021783430129289627,0.4957902729511261
515,515,5.079830169677734,0.16464608907699585,0.014425552450120449,4.321357250213623,0.5794016122817993
516,516,5.065686225891113,0.17457334697246552,0.03891412913799286,4.3030900955200195,0.5491084456443787
517,517,0.6924230456352234,0.18110619485378265,0.02928476780653,0.021743178367614746,0.4602889120578766
518,518,5.3581647872924805,0.18473458290100098,0.03694232553243637,4.304862976074219,0.8316247463226318
519,519,0.8054212331771851,0.16707804799079895,0.10038529336452484,0.04358663409948349,0.49437129497528076
520,520,5.073968410491943,0.16420018672943115,0.036584239453077316,4.308079719543457,0.5651043057441711
521,521,5.16986083984375,0.16200396418571472,0.03735203668475151,4.315732955932617,0.6547720432281494
522,522,0.8858399391174316,0.16683509945869446,0.24336621165275574,0.021875638514757156,0.4537629783153534
523,523,5.037900924682617,0.1968967616558075,0.030998190864920616,4.318484783172607,0.4915214776992798
524,524,5.088399410247803,0.15825319290161133,0.03362475335597992,4.296508312225342,0.6000131368637085
525,525,0.7242840528488159,0.2060469537973404,0.04551633447408676,0.02167598158121109,0.45104479789733887
526,526,5.185336112976074,0.16698937118053436,0.07521099597215652,4.306088447570801,0.6370474100112915
527,527,0.40653854608535767,0.18671008944511414,0.021843083202838898,0.021724794059991837,0.1762605905532837
528,528,5.005776405334473,0.16104647517204285,0.029742632061243057,4.307896137237549,0.5070908665657043
529,529,0.3835994601249695,0.17167092859745026,0.0412326455116272,0.021744247525930405,0.14895161986351013
530,530,5.284163951873779,0.17894403636455536,0.04438101500272751,4.331635475158691,0.7292034029960632
531,531,1.114658236503601,0.17421193420886993,0.04567752033472061,0.02170541137456894,0.873063325881958
532,532,1.070042371749878,0.17672204971313477,0.029469668865203857,0.02182084694504738,0.8420298099517822
533,533,5.116491317749023,0.18108776211738586,0.03358658775687218,4.306918144226074,0.5948985815048218
534,534,1.0195567607879639,0.16322220861911774,0.05968836694955826,0.021792223677039146,0.7748540043830872
535,535,5.131139755249023,0.1997556835412979,0.040503449738025665,4.3025102615356445,0.5883705615997314
536,536,5.033586502075195,0.17175041139125824,0.03650393709540367,4.311018943786621,0.5143131017684937
537,537,5.013775825500488,0.18261829018592834,0.02081676572561264,4.3094706535339355,0.5008701086044312
538,538,5.724914073944092,0.1724407970905304,0.038172826170921326,4.309538841247559,1.2047615051269531
539,539,5.1265645027160645,0.1897863745689392,0.04583891108632088,4.3099684715271,0.5809707045555115
540,540,5.290347576141357,0.16531957685947418,0.05324031412601471,4.302331924438477,0.7694560289382935
541,541,0.5733673572540283,0.1701439917087555,0.05327480286359787,0.02173047885298729,0.3282180428504944
542,542,0.7208091020584106,0.16610470414161682,0.28474363684654236,0.021778471767902374,0.24818232655525208
543,543,0.8836609125137329,0.18945445120334625,0.018831323832273483,0.021779634058475494,0.653595507144928
544,544,5.0680413246154785,0.17497149109840393,0.04246576875448227,4.303430080413818,0.547173798084259
545,545,5.2197184562683105,0.17294734716415405,0.02590593695640564,4.315552711486816,0.705312192440033
546,546,5.225335597991943,0.16314488649368286,0.055747002363204956,4.306933879852295,0.6995095610618591
547,547,4.999267578125,0.1617579311132431,0.03783359378576279,4.301783084869385,0.49789291620254517
548,548,5.129343032836914,0.17188432812690735,0.01646662876009941,4.298013210296631,0.6429784297943115
549,549,5.07135009765625,0.17201124131679535,0.020187553018331528,4.30864143371582,0.5705099701881409
550,550,5.154650688171387,0.17832891643047333,0.04372415319085121,4.297959804534912,0.6346380710601807
551,551,5.071048736572266,0.1750970482826233,0.03076895698904991,4.306176662445068,0.5590064525604248
552,552,0.7050478458404541,0.17559391260147095,0.028480101376771927,0.02180309221148491,0.4791707396507263
553,553,4.891127586364746,0.16344983875751495,0.04442862048745155,4.310290336608887,0.37295883893966675
554,554,0.6319535970687866,0.15444952249526978,0.045175619423389435,0.021729864180088043,0.41059863567352295
555,555,5.205740451812744,0.1672075241804123,0.017802875488996506,4.313690662384033,0.7070394158363342
556,556,0.5806631445884705,0.17031635344028473,0.02930343523621559,0.02171650528907776,0.3593268394470215
557,557,0.7603863477706909,0.172515407204628,0.11086980998516083,0.021720822900533676,0.4552803039550781
558,558,0.5957357883453369,0.17361049354076385,0.04655628651380539,0.02172594517469406,0.353843092918396
559,559,5.194494247436523,0.1565895676612854,0.01273645181208849,4.318214416503906,0.7069539427757263
560,560,5.411333084106445,0.16557340323925018,0.029236335307359695,4.311873435974121,0.9046497344970703
561,561,5.121494293212891,0.19358417391777039,0.053532302379608154,4.307596206665039,0.5667816996574402
562,562,5.303351402282715,0.17180350422859192,0.038205474615097046,4.312261581420898,0.781080961227417
563,563,5.023399353027344,0.1607816517353058,0.04140351340174675,4.297114372253418,0.5240997076034546
564,564,5.115710735321045,0.15896865725517273,0.040207915008068085,4.300730228424072,0.6158037185668945
565,565,5.19444465637207,0.1635744571685791,0.08011723309755325,4.308326721191406,0.6424267292022705
566,566,0.5511189699172974,0.1547461450099945,0.06227321922779083,0.021750066429376602,0.3123495578765869
567,567,5.199179172515869,0.15766572952270508,0.05020647495985031,4.315443515777588,0.6758633255958557
568,568,0.6130219101905823,0.17076681554317474,0.02541264519095421,0.021757859736680984,0.39508458971977234
569,569,0.4046052098274231,0.1633002907037735,0.02561172842979431,0.02175687812268734,0.1939363330602646
570,570,0.7156347036361694,0.19128704071044922,0.027214113622903824,0.02178853750228882,0.47534501552581787
571,571,1.4194014072418213,0.1628747582435608,0.1361684501171112,0.02174309454858303,1.0986151695251465
572,572,4.991101264953613,0.15422381460666656,0.026417326182127,4.297406196594238,0.5130541324615479
573,573,5.059716701507568,0.2151639461517334,0.021778259426355362,4.315003395080566,0.5077708959579468
574,574,5.147613525390625,0.1864878386259079,0.03492015600204468,4.294318675994873,0.6318870782852173
575,575,5.3850860595703125,0.14253321290016174,0.04360277205705643,4.327357769012451,0.8715924024581909
576,576,5.112835884094238,0.1785961240530014,0.03405589237809181,4.301985263824463,0.5981982946395874
577,577,5.161474227905273,0.19221839308738708,0.019954843446612358,4.319997310638428,0.6293033361434937
578,578,5.127255916595459,0.1963699609041214,0.026006080210208893,4.311687469482422,0.5931925177574158
579,579,4.8177947998046875,0.18356606364250183,0.018749982118606567,4.3282856941223145,0.28719329833984375
580,580,5.120667457580566,0.18475690484046936,0.023125700652599335,4.304468154907227,0.6083170175552368
581,581,5.6167802810668945,0.16190782189369202,0.01845174841582775,4.302155017852783,1.1342658996582031
582,582,4.987936019897461,0.16752253472805023,0.06296878308057785,4.307013034820557,0.45043185353279114
583,583,5.231682777404785,0.16561688482761383,0.06557632982730865,4.320971488952637,0.6795181035995483
584,584,0.5590588450431824,0.18916529417037964,0.013264632783830166,0.021657098084688187,0.3349718451499939
585,585,1.000650405883789,0.2026279866695404,0.026780445128679276,0.04351945221424103,0.7277225255966187
586,586,0.8656518459320068,0.15467683970928192,0.06843547523021698,0.0217705350369215,0.6207690238952637
587,587,5.51251745223999,0.18102547526359558,0.02080116607248783,4.306139945983887,1.0045510530471802
588,588,0.724577784538269,0.17006762325763702,0.021687475964426994,0.021693125367164612,0.5111295580863953
589,589,5.162123203277588,0.16756345331668854,0.037783440202474594,4.311356544494629,0.6454194784164429
590,590,5.184831619262695,0.16038566827774048,0.020758498460054398,4.3016486167907715,0.7020389437675476
591,591,5.1513848304748535,0.16508759558200836,0.03090435452759266,4.299637794494629,0.6557549834251404
592,592,5.232361793518066,0.1512652188539505,0.09003229439258575,4.3193535804748535,0.6717102527618408
593,593,5.219202995300293,0.15161441266536713,0.032299213111400604,4.3173017501831055,0.7179872989654541
594,594,4.793372631072998,0.1874157339334488,0.023979544639587402,4.320113658905029,0.2618635594844818
595,595,0.640509843826294,0.18145789206027985,0.03594031184911728,0.02166343480348587,0.40144824981689453
596,596,5.086310863494873,0.14754873514175415,0.14610233902931213,4.306475639343262,0.48618414998054504
597,597,0.7137871980667114,0.1543126255273819,0.30352360010147095,0.02177584543824196,0.23417511582374573
598,598,4.87431526184082,0.15960748493671417,0.0363161638379097,4.3136515617370605,0.3647400736808777
599,599,5.2312164306640625,0.15972131490707397,0.01954761892557144,4.307732105255127,0.7442156076431274
600,600,4.8932294845581055,0.18887335062026978,0.022723328322172165,4.3246612548828125,0.35697177052497864
